(2, 0, 0) ---with--- (10, 6, 1)
(2, 3, 1) ---with--- (10, 12, 6)
(3, 3, 3) ---with--- (10, 11, 12)
(2, 2, 2) ---with--- (10, 8, 11)
(1, 0, 1) ---with--- (10, 1, 8)
(0, 2, 2) ---with--- (1, 6, 9)
(3, 3, 0) ---with--- (9, 6, 5)
(0, 1, 2) ---with--- (6, 12, 5)
(3, 2, 1) ---with--- (12, 4, 5)
(2, 3, 1) ---with--- (12, 11, 4)
(0, 2, 1) ---with--- (4, 11, 3)
(1, 1, 1) ---with--- (11, 8, 3)
(2, 0, 1) ---with--- (8, 2, 3)
(0, 2, 1) ---with--- (2, 8, 1)
(1, 0, 0) ---with--- (2, 1, 9)
(2, 1, 3) ---with--- (7, 2, 9)
(0, 1, 2) ---with--- (7, 9, 5)
(3, 0, 0) ---with--- (7, 5, 4)
(2, 1, 0) ---with--- (7, 4, 3)
(0, 0, 0) ---with--- (7, 3, 2)

found in 2.4597320556640625 seconds
----------------------------------------------------------------------------------------------------
(2, 1, 0) ---with--- (10, 6, 1)
(1, 2, 3) ---with--- (10, 12, 6)
(2, 2, 2) ---with--- (10, 11, 12)
(3, 3, 3) ---with--- (10, 8, 11)
(2, 1, 3) ---with--- (10, 1, 8)
(0, 0, 2) ---with--- (1, 6, 9)
(0, 1, 2) ---with--- (9, 6, 5)
(1, 3, 2) ---with--- (6, 12, 5)
(3, 0, 0) ---with--- (12, 4, 5)
(2, 1, 0) ---with--- (12, 11, 4)
(2, 3, 1) ---with--- (4, 11, 3)
(2, 2, 0) ---with--- (11, 8, 3)
(0, 0, 1) ---with--- (8, 2, 3)
(0, 0, 0) ---with--- (2, 8, 1)
(1, 0, 2) ---with--- (2, 1, 9)
(3, 0, 3) ---with--- (7, 2, 9)
(1, 2, 0) ---with--- (7, 9, 5)
(1, 1, 1) ---with--- (7, 5, 4)
(0, 1, 1) ---with--- (7, 4, 3)
(2, 0, 1) ---with--- (7, 3, 2)

found in 2.833439826965332 seconds
----------------------------------------------------------------------------------------------------
(2, 1, 0) ---with--- (10, 6, 1)
(2, 1, 3) ---with--- (10, 12, 6)
(3, 3, 3) ---with--- (10, 11, 12)
(2, 2, 2) ---with--- (10, 8, 11)
(1, 1, 1) ---with--- (10, 1, 8)
(0, 1, 0) ---with--- (1, 6, 9)
(2, 0, 1) ---with--- (9, 6, 5)
(1, 3, 2) ---with--- (6, 12, 5)
(3, 3, 0) ---with--- (12, 4, 5)
(2, 2, 0) ---with--- (12, 11, 4)
(1, 2, 0) ---with--- (4, 11, 3)
(2, 3, 1) ---with--- (11, 8, 3)
(2, 0, 1) ---with--- (8, 2, 3)
(2, 0, 0) ---with--- (2, 8, 1)
(0, 0, 3) ---with--- (2, 1, 9)
(1, 0, 1) ---with--- (7, 2, 9)
(2, 3, 1) ---with--- (7, 9, 5)
(2, 1, 0) ---with--- (7, 5, 4)
(0, 0, 0) ---with--- (7, 4, 3)
(2, 1, 0) ---with--- (7, 3, 2)

found in 6.1228930950164795 seconds
----------------------------------------------------------------------------------------------------
(3, 3, 0) ---with--- (10, 6, 1)
(2, 3, 1) ---with--- (10, 12, 6)
(2, 0, 1) ---with--- (10, 11, 12)
(3, 3, 3) ---with--- (10, 8, 11)
(0, 1, 2) ---with--- (10, 1, 8)
(0, 1, 1) ---with--- (1, 6, 9)
(2, 1, 0) ---with--- (9, 6, 5)
(0, 2, 1) ---with--- (6, 12, 5)
(3, 2, 1) ---with--- (12, 4, 5)
(3, 2, 1) ---with--- (12, 11, 4)
(0, 3, 0) ---with--- (4, 11, 3)
(3, 1, 2) ---with--- (11, 8, 3)
(2, 0, 1) ---with--- (8, 2, 3)
(1, 0, 0) ---with--- (2, 8, 1)
(1, 0, 2) ---with--- (2, 1, 9)
(2, 0, 2) ---with--- (7, 2, 9)
(2, 2, 2) ---with--- (7, 9, 5)
(1, 1, 1) ---with--- (7, 5, 4)
(2, 0, 0) ---with--- (7, 4, 3)
(0, 0, 0) ---with--- (7, 3, 2)

found in 12.043785095214844 seconds
----------------------------------------------------------------------------------------------------
(2, 0, 1) ---with--- (10, 6, 1)
(1, 3, 2) ---with--- (10, 12, 6)
(3, 3, 3) ---with--- (10, 11, 12)
(2, 2, 2) ---with--- (10, 8, 11)
(2, 0, 1) ---with--- (10, 1, 8)
(0, 2, 2) ---with--- (1, 6, 9)
(2, 0, 0) ---with--- (9, 6, 5)
(2, 3, 1) ---with--- (6, 12, 5)
(3, 0, 3) ---with--- (12, 4, 5)
(0, 2, 1) ---with--- (12, 11, 4)
(0, 3, 0) ---with--- (4, 11, 3)
(1, 3, 2) ---with--- (11, 8, 3)
(2, 1, 0) ---with--- (8, 2, 3)
(0, 0, 0) ---with--- (2, 8, 1)
(0, 0, 1) ---with--- (2, 1, 9)
(1, 0, 2) ---with--- (7, 2, 9)
(1, 2, 0) ---with--- (7, 9, 5)
(3, 1, 2) ---with--- (7, 5, 4)
(1, 1, 0) ---with--- (7, 4, 3)
(1, 1, 1) ---with--- (7, 3, 2)

found in 3.9613540172576904 seconds
----------------------------------------------------------------------------------------------------
(0, 1, 0) ---with--- (10, 6, 1)
(3, 1, 2) ---with--- (10, 12, 6)
(3, 3, 3) ---with--- (10, 11, 12)
(2, 1, 3) ---with--- (10, 8, 11)
(2, 0, 1) ---with--- (10, 1, 8)
(0, 1, 2) ---with--- (1, 6, 9)
(2, 0, 0) ---with--- (9, 6, 5)
(2, 3, 1) ---with--- (6, 12, 5)
(2, 1, 0) ---with--- (12, 4, 5)
(3, 3, 0) ---with--- (12, 11, 4)
(1, 1, 1) ---with--- (4, 11, 3)
(1, 2, 0) ---with--- (11, 8, 3)
(3, 0, 0) ---with--- (8, 2, 3)
(0, 1, 1) ---with--- (2, 8, 1)
(0, 0, 0) ---with--- (2, 1, 9)
(2, 2, 2) ---with--- (7, 2, 9)
(1, 3, 2) ---with--- (7, 9, 5)
(2, 2, 0) ---with--- (7, 5, 4)
(0, 2, 1) ---with--- (7, 4, 3)
(2, 1, 0) ---with--- (7, 3, 2)

found in 2.810957670211792 seconds
----------------------------------------------------------------------------------------------------
(2, 1, 0) ---with--- (10, 6, 1)
(2, 3, 1) ---with--- (10, 12, 6)
(1, 2, 3) ---with--- (10, 11, 12)
(2, 2, 2) ---with--- (10, 8, 11)
(3, 0, 3) ---with--- (10, 1, 8)
(0, 0, 3) ---with--- (1, 6, 9)
(3, 2, 1) ---with--- (9, 6, 5)
(2, 1, 0) ---with--- (6, 12, 5)
(2, 0, 2) ---with--- (12, 4, 5)
(3, 3, 3) ---with--- (12, 11, 4)
(1, 2, 0) ---with--- (4, 11, 3)
(2, 1, 0) ---with--- (11, 8, 3)
(0, 1, 0) ---with--- (8, 2, 3)
(0, 2, 0) ---with--- (2, 8, 1)
(1, 1, 1) ---with--- (2, 1, 9)
(0, 0, 0) ---with--- (7, 2, 9)
(3, 2, 1) ---with--- (7, 9, 5)
(1, 1, 0) ---with--- (7, 5, 4)
(2, 0, 1) ---with--- (7, 4, 3)
(1, 2, 0) ---with--- (7, 3, 2)

found in 37.738378286361694 seconds
----------------------------------------------------------------------------------------------------
(1, 2, 0) ---with--- (10, 6, 1)
(2, 2, 2) ---with--- (10, 12, 6)
(3, 3, 3) ---with--- (10, 11, 12)
(2, 1, 3) ---with--- (10, 8, 11)
(2, 0, 2) ---with--- (10, 1, 8)
(0, 0, 2) ---with--- (1, 6, 9)
(3, 2, 1) ---with--- (9, 6, 5)
(0, 2, 1) ---with--- (6, 12, 5)
(2, 1, 0) ---with--- (12, 4, 5)
(3, 3, 0) ---with--- (12, 11, 4)
(0, 0, 0) ---with--- (4, 11, 3)
(2, 3, 1) ---with--- (11, 8, 3)
(1, 0, 0) ---with--- (8, 2, 3)
(0, 1, 1) ---with--- (2, 8, 1)
(0, 0, 3) ---with--- (2, 1, 9)
(2, 0, 1) ---with--- (7, 2, 9)
(1, 0, 2) ---with--- (7, 9, 5)
(0, 1, 2) ---with--- (7, 5, 4)
(1, 1, 1) ---with--- (7, 4, 3)
(3, 1, 2) ---with--- (7, 3, 2)

found in 15.181856870651245 seconds
----------------------------------------------------------------------------------------------------
(2, 1, 0) ---with--- (10, 6, 1)
(2, 2, 2) ---with--- (10, 12, 6)
(1, 3, 2) ---with--- (10, 11, 12)
(3, 3, 3) ---with--- (10, 8, 11)
(2, 1, 0) ---with--- (10, 1, 8)
(0, 1, 2) ---with--- (1, 6, 9)
(1, 0, 2) ---with--- (9, 6, 5)
(2, 3, 1) ---with--- (6, 12, 5)
(2, 2, 0) ---with--- (12, 4, 5)
(3, 2, 1) ---with--- (12, 11, 4)
(0, 0, 2) ---with--- (4, 11, 3)
(3, 3, 0) ---with--- (11, 8, 3)
(0, 0, 0) ---with--- (8, 2, 3)
(1, 2, 0) ---with--- (2, 8, 1)
(0, 0, 3) ---with--- (2, 1, 9)
(3, 1, 2) ---with--- (7, 2, 9)
(0, 1, 1) ---with--- (7, 9, 5)
(1, 1, 1) ---with--- (7, 5, 4)
(2, 0, 1) ---with--- (7, 4, 3)
(1, 0, 0) ---with--- (7, 3, 2)

found in 7.34746789932251 seconds
----------------------------------------------------------------------------------------------------
(2, 1, 0) ---with--- (10, 6, 1)
(3, 1, 2) ---with--- (10, 12, 6)
(3, 3, 3) ---with--- (10, 11, 12)
(2, 1, 3) ---with--- (10, 8, 11)
(0, 0, 3) ---with--- (10, 1, 8)
(0, 2, 1) ---with--- (1, 6, 9)
(2, 0, 1) ---with--- (9, 6, 5)
(1, 3, 2) ---with--- (6, 12, 5)
(3, 1, 2) ---with--- (12, 4, 5)
(2, 2, 0) ---with--- (12, 11, 4)
(0, 1, 0) ---with--- (4, 11, 3)
(2, 2, 2) ---with--- (11, 8, 3)
(1, 1, 0) ---with--- (8, 2, 3)
(1, 1, 1) ---with--- (2, 8, 1)
(0, 0, 2) ---with--- (2, 1, 9)
(1, 0, 2) ---with--- (7, 2, 9)
(1, 2, 0) ---with--- (7, 9, 5)
(3, 0, 3) ---with--- (7, 5, 4)
(2, 0, 1) ---with--- (7, 4, 3)
(0, 0, 0) ---with--- (7, 3, 2)

found in 3.758305072784424 seconds
----------------------------------------------------------------------------------------------------
(1, 1, 0) ---with--- (10, 6, 1)
(3, 3, 3) ---with--- (10, 12, 6)
(2, 2, 2) ---with--- (10, 11, 12)
(2, 1, 3) ---with--- (10, 8, 11)
(2, 0, 2) ---with--- (10, 1, 8)
(0, 0, 1) ---with--- (1, 6, 9)
(3, 0, 0) ---with--- (9, 6, 5)
(2, 3, 1) ---with--- (6, 12, 5)
(2, 1, 3) ---with--- (12, 4, 5)
(2, 1, 0) ---with--- (12, 11, 4)
(0, 2, 0) ---with--- (4, 11, 3)
(3, 3, 0) ---with--- (11, 8, 3)
(2, 1, 0) ---with--- (8, 2, 3)
(0, 0, 0) ---with--- (2, 8, 1)
(1, 1, 1) ---with--- (2, 1, 9)
(2, 0, 1) ---with--- (7, 2, 9)
(2, 3, 1) ---with--- (7, 9, 5)
(2, 0, 1) ---with--- (7, 5, 4)
(0, 2, 1) ---with--- (7, 4, 3)
(1, 2, 0) ---with--- (7, 3, 2)

found in 3.1025471687316895 seconds
----------------------------------------------------------------------------------------------------
(2, 0, 0) ---with--- (10, 6, 1)
(3, 2, 1) ---with--- (10, 12, 6)
(3, 3, 3) ---with--- (10, 11, 12)
(1, 3, 2) ---with--- (10, 8, 11)
(1, 0, 2) ---with--- (10, 1, 8)
(0, 0, 3) ---with--- (1, 6, 9)
(2, 3, 1) ---with--- (9, 6, 5)
(2, 2, 2) ---with--- (6, 12, 5)
(2, 0, 1) ---with--- (12, 4, 5)
(3, 3, 0) ---with--- (12, 11, 4)
(1, 1, 1) ---with--- (4, 11, 3)
(2, 3, 1) ---with--- (11, 8, 3)
(0, 0, 1) ---with--- (8, 2, 3)
(1, 0, 1) ---with--- (2, 8, 1)
(1, 0, 2) ---with--- (2, 1, 9)
(1, 0, 2) ---with--- (7, 2, 9)
(2, 0, 1) ---with--- (7, 9, 5)
(2, 0, 1) ---with--- (7, 5, 4)
(2, 2, 0) ---with--- (7, 4, 3)
(0, 0, 0) ---with--- (7, 3, 2)

found in 8.135175943374634 seconds
----------------------------------------------------------------------------------------------------
(1, 1, 0) ---with--- (10, 6, 1)
(1, 3, 2) ---with--- (10, 12, 6)
(3, 3, 3) ---with--- (10, 11, 12)
(2, 1, 3) ---with--- (10, 8, 11)
(3, 0, 3) ---with--- (10, 1, 8)
(1, 1, 1) ---with--- (1, 6, 9)
(2, 2, 2) ---with--- (9, 6, 5)
(0, 2, 2) ---with--- (6, 12, 5)
(2, 1, 0) ---with--- (12, 4, 5)
(2, 3, 1) ---with--- (12, 11, 4)
(1, 2, 0) ---with--- (4, 11, 3)
(0, 2, 1) ---with--- (11, 8, 3)
(0, 0, 0) ---with--- (8, 2, 3)
(1, 2, 0) ---with--- (2, 8, 1)
(0, 0, 2) ---with--- (2, 1, 9)
(2, 0, 1) ---with--- (7, 2, 9)
(2, 3, 1) ---with--- (7, 9, 5)
(0, 0, 1) ---with--- (7, 5, 4)
(3, 0, 0) ---with--- (7, 4, 3)
(0, 2, 1) ---with--- (7, 3, 2)

found in 4.271247863769531 seconds
----------------------------------------------------------------------------------------------------
(1, 0, 0) ---with--- (10, 6, 1)
(3, 2, 1) ---with--- (10, 12, 6)
(3, 3, 3) ---with--- (10, 11, 12)
(0, 3, 3) ---with--- (10, 8, 11)
(3, 1, 2) ---with--- (10, 1, 8)
(0, 1, 2) ---with--- (1, 6, 9)
(1, 2, 0) ---with--- (9, 6, 5)
(2, 3, 1) ---with--- (6, 12, 5)
(2, 0, 1) ---with--- (12, 4, 5)
(2, 1, 3) ---with--- (12, 11, 4)
(0, 2, 1) ---with--- (4, 11, 3)
(2, 2, 0) ---with--- (11, 8, 3)
(1, 0, 1) ---with--- (8, 2, 3)
(0, 0, 0) ---with--- (2, 8, 1)
(0, 0, 3) ---with--- (2, 1, 9)
(2, 2, 2) ---with--- (7, 2, 9)
(1, 1, 1) ---with--- (7, 9, 5)
(0, 2, 1) ---with--- (7, 5, 4)
(2, 0, 0) ---with--- (7, 4, 3)
(2, 1, 0) ---with--- (7, 3, 2)

found in 3.0520989894866943 seconds
----------------------------------------------------------------------------------------------------
(1, 1, 1) ---with--- (10, 6, 1)
(3, 3, 0) ---with--- (10, 12, 6)
(3, 3, 3) ---with--- (10, 11, 12)
(2, 3, 1) ---with--- (10, 8, 11)
(1, 0, 2) ---with--- (10, 1, 8)
(0, 2, 1) ---with--- (1, 6, 9)
(2, 2, 2) ---with--- (9, 6, 5)
(1, 3, 2) ---with--- (6, 12, 5)
(2, 0, 1) ---with--- (12, 4, 5)
(1, 3, 2) ---with--- (12, 11, 4)
(1, 2, 0) ---with--- (4, 11, 3)
(2, 2, 0) ---with--- (11, 8, 3)
(1, 0, 0) ---with--- (8, 2, 3)
(0, 0, 0) ---with--- (2, 8, 1)
(1, 0, 2) ---with--- (2, 1, 9)
(3, 1, 2) ---with--- (7, 2, 9)
(1, 2, 0) ---with--- (7, 9, 5)
(3, 0, 0) ---with--- (7, 5, 4)
(0, 1, 1) ---with--- (7, 4, 3)
(0, 2, 0) ---with--- (7, 3, 2)

found in 22.35608220100403 seconds
----------------------------------------------------------------------------------------------------
(3, 0, 0) ---with--- (10, 6, 1)
(1, 3, 2) ---with--- (10, 12, 6)
(3, 3, 3) ---with--- (10, 11, 12)
(3, 1, 2) ---with--- (10, 8, 11)
(0, 0, 1) ---with--- (10, 1, 8)
(0, 1, 2) ---with--- (1, 6, 9)
(1, 1, 0) ---with--- (9, 6, 5)
(2, 3, 1) ---with--- (6, 12, 5)
(1, 1, 1) ---with--- (12, 4, 5)
(2, 2, 2) ---with--- (12, 11, 4)
(1, 3, 2) ---with--- (4, 11, 3)
(1, 2, 0) ---with--- (11, 8, 3)
(2, 0, 0) ---with--- (8, 2, 3)
(0, 2, 1) ---with--- (2, 8, 1)
(2, 0, 1) ---with--- (2, 1, 9)
(3, 0, 3) ---with--- (7, 2, 9)
(0, 2, 2) ---with--- (7, 9, 5)
(2, 1, 0) ---with--- (7, 5, 4)
(0, 0, 0) ---with--- (7, 4, 3)
(2, 1, 0) ---with--- (7, 3, 2)

found in 8.951910257339478 seconds
----------------------------------------------------------------------------------------------------
(2, 2, 0) ---with--- (10, 6, 1)
(2, 3, 1) ---with--- (10, 12, 6)
(1, 3, 2) ---with--- (10, 11, 12)
(3, 3, 3) ---with--- (10, 8, 11)
(2, 0, 0) ---with--- (10, 1, 8)
(0, 1, 2) ---with--- (1, 6, 9)
(2, 2, 2) ---with--- (9, 6, 5)
(0, 1, 0) ---with--- (6, 12, 5)
(3, 0, 0) ---with--- (12, 4, 5)
(3, 2, 1) ---with--- (12, 11, 4)
(0, 0, 0) ---with--- (4, 11, 3)
(3, 1, 2) ---with--- (11, 8, 3)
(2, 0, 1) ---with--- (8, 2, 3)
(0, 2, 1) ---with--- (2, 8, 1)
(1, 0, 2) ---with--- (2, 1, 9)
(3, 0, 3) ---with--- (7, 2, 9)
(1, 0, 2) ---with--- (7, 9, 5)
(1, 1, 1) ---with--- (7, 5, 4)
(1, 2, 0) ---with--- (7, 4, 3)
(1, 0, 1) ---with--- (7, 3, 2)

found in 5.704720735549927 seconds
----------------------------------------------------------------------------------------------------
(1, 1, 0) ---with--- (10, 6, 1)
(3, 2, 1) ---with--- (10, 12, 6)
(3, 1, 2) ---with--- (10, 11, 12)
(3, 3, 3) ---with--- (10, 8, 11)
(0, 0, 1) ---with--- (10, 1, 8)
(0, 3, 3) ---with--- (1, 6, 9)
(2, 0, 1) ---with--- (9, 6, 5)
(1, 3, 2) ---with--- (6, 12, 5)
(3, 1, 2) ---with--- (12, 4, 5)
(2, 2, 2) ---with--- (12, 11, 4)
(0, 3, 0) ---with--- (4, 11, 3)
(2, 1, 0) ---with--- (11, 8, 3)
(1, 1, 1) ---with--- (8, 2, 3)
(0, 2, 0) ---with--- (2, 8, 1)
(0, 1, 2) ---with--- (2, 1, 9)
(2, 1, 0) ---with--- (7, 2, 9)
(2, 2, 0) ---with--- (7, 9, 5)
(0, 0, 0) ---with--- (7, 5, 4)
(2, 1, 0) ---with--- (7, 4, 3)
(1, 2, 0) ---with--- (7, 3, 2)

found in 5.219719171524048 seconds
----------------------------------------------------------------------------------------------------
(0, 0, 0) ---with--- (10, 6, 1)
(2, 3, 1) ---with--- (10, 12, 6)
(3, 3, 3) ---with--- (10, 11, 12)
(3, 1, 2) ---with--- (10, 8, 11)
(2, 1, 3) ---with--- (10, 1, 8)
(0, 2, 1) ---with--- (1, 6, 9)
(1, 1, 1) ---with--- (9, 6, 5)
(2, 2, 0) ---with--- (6, 12, 5)
(1, 3, 2) ---with--- (12, 4, 5)
(3, 3, 0) ---with--- (12, 11, 4)
(1, 1, 0) ---with--- (4, 11, 3)
(2, 0, 1) ---with--- (11, 8, 3)
(2, 1, 0) ---with--- (8, 2, 3)
(1, 2, 0) ---with--- (2, 8, 1)
(0, 0, 3) ---with--- (2, 1, 9)
(1, 0, 2) ---with--- (7, 2, 9)
(2, 2, 2) ---with--- (7, 9, 5)
(2, 0, 0) ---with--- (7, 5, 4)
(1, 0, 0) ---with--- (7, 4, 3)
(1, 2, 0) ---with--- (7, 3, 2)

found in 4.526807069778442 seconds
----------------------------------------------------------------------------------------------------
(2, 2, 0) ---with--- (10, 6, 1)
(2, 3, 1) ---with--- (10, 12, 6)
(1, 3, 2) ---with--- (10, 11, 12)
(2, 2, 2) ---with--- (10, 8, 11)
(3, 1, 2) ---with--- (10, 1, 8)
(0, 2, 1) ---with--- (1, 6, 9)
(2, 0, 1) ---with--- (9, 6, 5)
(1, 2, 0) ---with--- (6, 12, 5)
(2, 0, 0) ---with--- (12, 4, 5)
(3, 3, 3) ---with--- (12, 11, 4)
(0, 0, 1) ---with--- (4, 11, 3)
(3, 2, 1) ---with--- (11, 8, 3)
(0, 0, 0) ---with--- (8, 2, 3)
(1, 2, 0) ---with--- (2, 8, 1)
(1, 0, 2) ---with--- (2, 1, 9)
(3, 0, 3) ---with--- (7, 2, 9)
(1, 1, 1) ---with--- (7, 9, 5)
(0, 3, 0) ---with--- (7, 5, 4)
(2, 1, 0) ---with--- (7, 4, 3)
(1, 1, 0) ---with--- (7, 3, 2)

found in 3.3559529781341553 seconds
----------------------------------------------------------------------------------------------------
(1, 1, 0) ---with--- (10, 6, 1)
(1, 2, 3) ---with--- (10, 12, 6)
(3, 3, 3) ---with--- (10, 11, 12)
(2, 2, 2) ---with--- (10, 8, 11)
(3, 0, 0) ---with--- (10, 1, 8)
(1, 1, 1) ---with--- (1, 6, 9)
(0, 0, 0) ---with--- (9, 6, 5)
(1, 3, 2) ---with--- (6, 12, 5)
(2, 0, 1) ---with--- (12, 4, 5)
(2, 2, 0) ---with--- (12, 11, 4)
(1, 2, 0) ---with--- (4, 11, 3)
(2, 3, 1) ---with--- (11, 8, 3)
(1, 0, 2) ---with--- (8, 2, 3)
(0, 2, 0) ---with--- (2, 8, 1)
(1, 0, 2) ---with--- (2, 1, 9)
(2, 1, 3) ---with--- (7, 2, 9)
(3, 3, 0) ---with--- (7, 9, 5)
(0, 2, 1) ---with--- (7, 5, 4)
(1, 2, 0) ---with--- (7, 4, 3)
(1, 0, 0) ---with--- (7, 3, 2)

found in 5.666118144989014 seconds
----------------------------------------------------------------------------------------------------
(1, 1, 1) ---with--- (10, 6, 1)
(2, 3, 1) ---with--- (10, 12, 6)
(3, 3, 3) ---with--- (10, 11, 12)
(2, 1, 3) ---with--- (10, 8, 11)
(2, 0, 1) ---with--- (10, 1, 8)
(0, 1, 1) ---with--- (1, 6, 9)
(3, 1, 2) ---with--- (9, 6, 5)
(2, 2, 2) ---with--- (6, 12, 5)
(2, 2, 0) ---with--- (12, 4, 5)
(2, 1, 0) ---with--- (12, 11, 4)
(0, 1, 2) ---with--- (4, 11, 3)
(3, 2, 1) ---with--- (11, 8, 3)
(3, 0, 0) ---with--- (8, 2, 3)
(2, 1, 0) ---with--- (2, 8, 1)
(0, 0, 0) ---with--- (2, 1, 9)
(1, 0, 2) ---with--- (7, 2, 9)
(3, 3, 0) ---with--- (7, 9, 5)
(0, 1, 2) ---with--- (7, 5, 4)
(2, 0, 0) ---with--- (7, 4, 3)
(1, 0, 0) ---with--- (7, 3, 2)

found in 1.789106845855713 seconds
----------------------------------------------------------------------------------------------------
(0, 1, 0) ---with--- (10, 6, 1)
(3, 2, 1) ---with--- (10, 12, 6)
(3, 3, 3) ---with--- (10, 11, 12)
(2, 2, 2) ---with--- (10, 8, 11)
(2, 0, 0) ---with--- (10, 1, 8)
(0, 1, 2) ---with--- (1, 6, 9)
(0, 2, 1) ---with--- (9, 6, 5)
(1, 2, 0) ---with--- (6, 12, 5)
(3, 1, 2) ---with--- (12, 4, 5)
(2, 2, 0) ---with--- (12, 11, 4)
(1, 2, 0) ---with--- (4, 11, 3)
(2, 3, 1) ---with--- (11, 8, 3)
(0, 0, 0) ---with--- (8, 2, 3)
(0, 3, 0) ---with--- (2, 8, 1)
(2, 1, 3) ---with--- (2, 1, 9)
(3, 0, 3) ---with--- (7, 2, 9)
(1, 1, 1) ---with--- (7, 9, 5)
(1, 1, 0) ---with--- (7, 5, 4)
(0, 2, 1) ---with--- (7, 4, 3)
(2, 1, 0) ---with--- (7, 3, 2)

found in 3.7372820377349854 seconds
----------------------------------------------------------------------------------------------------
(1, 2, 0) ---with--- (10, 6, 1)
(3, 1, 2) ---with--- (10, 12, 6)
(1, 2, 3) ---with--- (10, 11, 12)
(3, 0, 3) ---with--- (10, 8, 11)
(2, 0, 2) ---with--- (10, 1, 8)
(1, 1, 1) ---with--- (1, 6, 9)
(1, 0, 2) ---with--- (9, 6, 5)
(1, 2, 0) ---with--- (6, 12, 5)
(3, 0, 0) ---with--- (12, 4, 5)
(3, 3, 3) ---with--- (12, 11, 4)
(0, 1, 0) ---with--- (4, 11, 3)
(2, 2, 2) ---with--- (11, 8, 3)
(2, 0, 1) ---with--- (8, 2, 3)
(0, 2, 0) ---with--- (2, 8, 1)
(1, 0, 1) ---with--- (2, 1, 9)
(2, 1, 3) ---with--- (7, 2, 9)
(1, 3, 2) ---with--- (7, 9, 5)
(2, 1, 0) ---with--- (7, 5, 4)
(2, 1, 0) ---with--- (7, 4, 3)
(0, 0, 0) ---with--- (7, 3, 2)

found in 4.060155868530273 seconds
----------------------------------------------------------------------------------------------------
(1, 1, 1) ---with--- (10, 6, 1)
(3, 2, 1) ---with--- (10, 12, 6)
(1, 3, 2) ---with--- (10, 11, 12)
(3, 3, 3) ---with--- (10, 8, 11)
(2, 0, 1) ---with--- (10, 1, 8)
(0, 0, 0) ---with--- (1, 6, 9)
(1, 2, 0) ---with--- (9, 6, 5)
(2, 3, 1) ---with--- (6, 12, 5)
(3, 1, 2) ---with--- (12, 4, 5)
(2, 1, 0) ---with--- (12, 11, 4)
(0, 2, 1) ---with--- (4, 11, 3)
(2, 2, 0) ---with--- (11, 8, 3)
(1, 2, 0) ---with--- (8, 2, 3)
(0, 1, 0) ---with--- (2, 8, 1)
(0, 0, 3) ---with--- (2, 1, 9)
(3, 0, 3) ---with--- (7, 2, 9)
(2, 2, 2) ---with--- (7, 9, 5)
(0, 0, 2) ---with--- (7, 5, 4)
(0, 1, 1) ---with--- (7, 4, 3)
(2, 1, 0) ---with--- (7, 3, 2)

found in 7.5969579219818115 seconds
----------------------------------------------------------------------------------------------------
(2, 1, 0) ---with--- (10, 6, 1)
(2, 2, 0) ---with--- (10, 12, 6)
(1, 2, 3) ---with--- (10, 11, 12)
(3, 3, 3) ---with--- (10, 8, 11)
(2, 0, 1) ---with--- (10, 1, 8)
(1, 1, 0) ---with--- (1, 6, 9)
(1, 1, 1) ---with--- (9, 6, 5)
(3, 3, 0) ---with--- (6, 12, 5)
(2, 1, 0) ---with--- (12, 4, 5)
(2, 2, 2) ---with--- (12, 11, 4)
(0, 1, 0) ---with--- (4, 11, 3)
(3, 2, 1) ---with--- (11, 8, 3)
(2, 1, 0) ---with--- (8, 2, 3)
(0, 0, 0) ---with--- (2, 8, 1)
(0, 0, 3) ---with--- (2, 1, 9)
(3, 1, 2) ---with--- (7, 2, 9)
(1, 3, 2) ---with--- (7, 9, 5)
(1, 2, 0) ---with--- (7, 5, 4)
(0, 1, 2) ---with--- (7, 4, 3)
(2, 0, 0) ---with--- (7, 3, 2)

found in 11.007798910140991 seconds
----------------------------------------------------------------------------------------------------
(1, 1, 0) ---with--- (10, 6, 1)
(3, 2, 1) ---with--- (10, 12, 6)
(3, 3, 3) ---with--- (10, 11, 12)
(3, 1, 2) ---with--- (10, 8, 11)
(0, 1, 2) ---with--- (10, 1, 8)
(0, 2, 2) ---with--- (1, 6, 9)
(3, 1, 2) ---with--- (9, 6, 5)
(1, 3, 2) ---with--- (6, 12, 5)
(2, 0, 1) ---with--- (12, 4, 5)
(2, 1, 0) ---with--- (12, 11, 4)
(3, 3, 0) ---with--- (4, 11, 3)
(2, 2, 2) ---with--- (11, 8, 3)
(1, 0, 0) ---with--- (8, 2, 3)
(1, 2, 0) ---with--- (2, 8, 1)
(1, 0, 2) ---with--- (2, 1, 9)
(1, 0, 2) ---with--- (7, 2, 9)
(3, 0, 0) ---with--- (7, 9, 5)
(2, 0, 0) ---with--- (7, 5, 4)
(1, 1, 1) ---with--- (7, 4, 3)
(0, 0, 0) ---with--- (7, 3, 2)

found in 10.575446128845215 seconds
----------------------------------------------------------------------------------------------------
(1, 2, 0) ---with--- (10, 6, 1)
(2, 3, 1) ---with--- (10, 12, 6)
(3, 3, 3) ---with--- (10, 11, 12)
(1, 2, 3) ---with--- (10, 8, 11)
(3, 0, 3) ---with--- (10, 1, 8)
(0, 1, 2) ---with--- (1, 6, 9)
(2, 1, 0) ---with--- (9, 6, 5)
(1, 3, 2) ---with--- (6, 12, 5)
(2, 0, 2) ---with--- (12, 4, 5)
(1, 2, 0) ---with--- (12, 11, 4)
(1, 1, 1) ---with--- (4, 11, 3)
(2, 1, 0) ---with--- (11, 8, 3)
(2, 2, 2) ---with--- (8, 2, 3)
(0, 0, 1) ---with--- (2, 8, 1)
(0, 0, 2) ---with--- (2, 1, 9)
(1, 0, 2) ---with--- (7, 2, 9)
(1, 1, 0) ---with--- (7, 9, 5)
(2, 1, 3) ---with--- (7, 5, 4)
(0, 0, 0) ---with--- (7, 4, 3)
(3, 0, 0) ---with--- (7, 3, 2)

found in 17.511377096176147 seconds
----------------------------------------------------------------------------------------------------
(1, 2, 0) ---with--- (10, 6, 1)
(2, 2, 2) ---with--- (10, 12, 6)
(3, 3, 3) ---with--- (10, 11, 12)
(1, 2, 3) ---with--- (10, 8, 11)
(3, 0, 3) ---with--- (10, 1, 8)
(0, 1, 2) ---with--- (1, 6, 9)
(2, 1, 3) ---with--- (9, 6, 5)
(0, 2, 1) ---with--- (6, 12, 5)
(3, 0, 0) ---with--- (12, 4, 5)
(2, 3, 1) ---with--- (12, 11, 4)
(0, 2, 0) ---with--- (4, 11, 3)
(0, 1, 0) ---with--- (11, 8, 3)
(1, 0, 2) ---with--- (8, 2, 3)
(0, 1, 1) ---with--- (2, 8, 1)
(2, 0, 2) ---with--- (2, 1, 9)
(2, 0, 1) ---with--- (7, 2, 9)
(3, 2, 1) ---with--- (7, 9, 5)
(1, 0, 2) ---with--- (7, 5, 4)
(1, 1, 1) ---with--- (7, 4, 3)
(0, 0, 0) ---with--- (7, 3, 2)

found in 2.266991138458252 seconds
----------------------------------------------------------------------------------------------------
(2, 1, 0) ---with--- (10, 6, 1)
(2, 3, 1) ---with--- (10, 12, 6)
(1, 3, 2) ---with--- (10, 11, 12)
(3, 3, 3) ---with--- (10, 8, 11)
(2, 0, 2) ---with--- (10, 1, 8)
(0, 1, 0) ---with--- (1, 6, 9)
(2, 2, 2) ---with--- (9, 6, 5)
(1, 3, 2) ---with--- (6, 12, 5)
(1, 2, 0) ---with--- (12, 4, 5)
(3, 3, 0) ---with--- (12, 11, 4)
(1, 0, 2) ---with--- (4, 11, 3)
(2, 0, 0) ---with--- (11, 8, 3)
(2, 1, 0) ---with--- (8, 2, 3)
(0, 1, 1) ---with--- (2, 8, 1)
(0, 0, 3) ---with--- (2, 1, 9)
(1, 1, 1) ---with--- (7, 2, 9)
(2, 3, 1) ---with--- (7, 9, 5)
(2, 0, 1) ---with--- (7, 5, 4)
(2, 0, 1) ---with--- (7, 4, 3)
(0, 0, 0) ---with--- (7, 3, 2)

found in 8.217082262039185 seconds
----------------------------------------------------------------------------------------------------
(0, 1, 1) ---with--- (10, 6, 1)
(3, 2, 1) ---with--- (10, 12, 6)
(3, 3, 3) ---with--- (10, 11, 12)
(3, 1, 2) ---with--- (10, 8, 11)
(1, 0, 2) ---with--- (10, 1, 8)
(0, 0, 3) ---with--- (1, 6, 9)
(1, 1, 1) ---with--- (9, 6, 5)
(3, 2, 1) ---with--- (6, 12, 5)
(2, 0, 2) ---with--- (12, 4, 5)
(3, 3, 0) ---with--- (12, 11, 4)
(2, 2, 2) ---with--- (4, 11, 3)
(1, 2, 0) ---with--- (11, 8, 3)
(2, 0, 1) ---with--- (8, 2, 3)
(0, 1, 0) ---with--- (2, 8, 1)
(0, 0, 0) ---with--- (2, 1, 9)
(1, 0, 2) ---with--- (7, 2, 9)
(2, 3, 1) ---with--- (7, 9, 5)
(2, 0, 0) ---with--- (7, 5, 4)
(1, 2, 0) ---with--- (7, 4, 3)
(1, 0, 2) ---with--- (7, 3, 2)

found in 6.862927198410034 seconds
----------------------------------------------------------------------------------------------------
(1, 2, 0) ---with--- (10, 6, 1)
(3, 3, 0) ---with--- (10, 12, 6)
(3, 3, 3) ---with--- (10, 11, 12)
(2, 2, 2) ---with--- (10, 8, 11)
(1, 0, 0) ---with--- (10, 1, 8)
(1, 2, 3) ---with--- (1, 6, 9)
(2, 1, 0) ---with--- (9, 6, 5)
(1, 1, 1) ---with--- (6, 12, 5)
(2, 1, 0) ---with--- (12, 4, 5)
(3, 2, 1) ---with--- (12, 11, 4)
(0, 1, 1) ---with--- (4, 11, 3)
(3, 2, 1) ---with--- (11, 8, 3)
(2, 0, 1) ---with--- (8, 2, 3)
(0, 2, 0) ---with--- (2, 8, 1)
(0, 0, 3) ---with--- (2, 1, 9)
(0, 0, 0) ---with--- (7, 2, 9)
(3, 1, 2) ---with--- (7, 9, 5)
(2, 2, 0) ---with--- (7, 5, 4)
(1, 2, 0) ---with--- (7, 4, 3)
(1, 0, 2) ---with--- (7, 3, 2)

found in 2.3022258281707764 seconds
----------------------------------------------------------------------------------------------------
(3, 0, 0) ---with--- (10, 6, 1)
(0, 2, 1) ---with--- (10, 12, 6)
(3, 3, 3) ---with--- (10, 11, 12)
(2, 1, 3) ---with--- (10, 8, 11)
(2, 0, 2) ---with--- (10, 1, 8)
(1, 0, 2) ---with--- (1, 6, 9)
(3, 3, 0) ---with--- (9, 6, 5)
(2, 3, 1) ---with--- (6, 12, 5)
(2, 0, 1) ---with--- (12, 4, 5)
(2, 2, 2) ---with--- (12, 11, 4)
(0, 2, 1) ---with--- (4, 11, 3)
(1, 2, 0) ---with--- (11, 8, 3)
(1, 1, 1) ---with--- (8, 2, 3)
(0, 2, 0) ---with--- (2, 8, 1)
(0, 0, 0) ---with--- (2, 1, 9)
(2, 0, 1) ---with--- (7, 2, 9)
(2, 3, 1) ---with--- (7, 9, 5)
(3, 2, 1) ---with--- (7, 5, 4)
(0, 1, 1) ---with--- (7, 4, 3)
(0, 0, 1) ---with--- (7, 3, 2)

found in 1.6084978580474854 seconds
----------------------------------------------------------------------------------------------------
